
000000000000000000000000011111100001111000000000001111
00000000000000000011011111110111111111110000111100000000000111
0000000011000000111111111110001111111110000000000000000000001111100001111
000000111111111111111111111100011111110000000001100001100111111111111111111
0000111111111111111111111011100111111000000000111111111111111111111111111111111111111
000111111111111111111111111110011100001100000111111111111111111111111111111111111111111
00011111111111111111110011110001110000000000111011111111111111111111111111111111111111
01111100011111111111100011110000100000000010011011111111111111111111111111111111101
011100000111111111111111111110000000000001100111111111111111111111111111111111000011
0000000001111111111111111111100000000000011111111111111111111111111111111111111110011
0000000000111111111111111111110000000000001111111111111111111111111111111111111110001
0000000001111111111111111111010000000000000111111111101101111111111111111111111111001
000000001111111111111111110000000000000000111111111000010011111111111111111111111011
00000000111111111111111110000000000000000111000101111111101111111111111111111111001
000000000111111111111110000000000000000001111111010111111011111111111111111110010011
000000000111111111111100000000000000000000111110000001111111111111111111111111011011
0000000001111111111110000000000000000000011111110111111111111111111111111111111001
0000000000111111000110000000000000000000011111111111111111111111111111111111111
0000000000101111000010000000000000000000111111111111101111011111111111111111111
0000000000010110000000000000000000000001111111111111101111110001111110111111111
0000000000000111010000000000000000000001111111111111110111110001111110111111
00000000000000111100000000000000000000011111111111111101111100001111000111100001
00000000000000001110000000000000000000011111111111111111111000000110000111110001
000000000000000000100011000000000000000111111111111111111000000001100000111100011
000000000000000000111111110000000000000011111111111111111110000000100000101000111
0000000000000000000001111111000000000000011101111111111111100000000000000010000001
00000000000000000000011111111000000000000000001111111111110000000000000011100011
00000000000000000000111111111110000000000000001111111111100000000000000001100111101
00000000000000000000111111111111100000000000000111111111000000000000000000110110100001
000000000000000000011111111111111100000000000001111111110000000000000000000100000000011101
00000000000000000000111111111111110000000000000111111111000000000000000000001111111000111001
00000000000000000000011111111111100000000000000111111111001000000000000000000000000000001
000000000000000000000111111111111000000000000001111111110110000000000000000000000101101
000000000000000000000011111111111000000000000001111111100110000000000000000000001111101
0000000000000000000000011111111110000000000000011111110011000000000000000000000111111111
0000000000000000000000011111111100000000000000001111110011000000000000000000011111111111
00000000000000000000000111111100000000000000000011111000010000000000000000000111111111111
00000000000000000000000111111100000000000000000011111000000000000000000000000111111111111
0000000000000000000000011111100000000000000000001111100000000000000000000000011111111111
000000000000000000000001111110000000000000000000111100000000000000000000000011100011111
000000000000000000000001111100000000000000000000110000000000000000000000000000000011110000001
0000000000000000000000011110000000000000000000000000000000000000000000000000000000000000000011
00000000000000000000000111000000000000000000000000000000000000000000000000000000000110000011
000000000000000000000001110000000000000000000000000000000000000000000000000000000000000011
00000000000000000000000011
000000000000000000000000110011
000000000000000000000000011


0000000000000000000000000000110000000000000000000000001
000000000000000000000000000110000000000000000000010111111101111111111111111
000000000000000000000100001111000000000011111111111111111111111111111111111111
00000000000000111111111111111100000000111111111111111111111111111111111111111
000000000001111111111111111111001110111111111111111111111111111111111111111
000000000000001111111111111111111111111111111111111111111111111111111111
000000000001111111111111111111111111111111111111111111111111111111111111